[3.51670596e+05 2.11596555e+01 3.51671854e+05 2.03560172e+01
 9.33368046e-05]
/Users/chen/.venv/lib/python3.10/site-packages/scipy/optimize/_minpack_py.py:906: OptimizeWarning: Covariance of the parameters could not be estimated
  warnings.warn('Covariance of the parameters could not be estimated',
[inf inf inf inf inf]
[inf inf inf inf inf]
[7.06753009e+05 8.64949298e+02 3.51868450e-01 8.21391332e-02
 5.69904711e-04]
[7.90770460e+05 7.93933343e+01 1.79714029e-01 5.75195865e-02
 5.17846845e-04]
[1.43812440e-01 5.82393574e-02 7.30661788e-01 2.90828347e-01
 4.30333337e-04]
[0.10606291 0.0617664  0.06869149 0.10882671 0.00034002]
[0.05581695 0.06429483 0.03285728 0.04719932 0.00028183]
[0.02710817 0.06052818 0.01798126 0.02528392 0.0002484 ]
[0.01633467 0.05794436 0.01242772 0.01764598 0.00024456]
[0.01281243 0.05324602 0.01033511 0.01466917 0.00023147]
[0.00840385 0.05915513 0.00921366 0.01186854 0.0002604 ]
[0.00729226 0.0596311  0.00874569 0.01098495 0.00026528]
[0.00787187 0.06147372 0.0092782  0.01174868 0.00027863]
[0.00583123 0.06585436 0.00860317 0.01004803 0.00029431]
[0.00619285 0.06596894 0.00854731 0.01034221 0.00030568]
[0.00621999 0.06363929 0.00883792 0.01042066 0.00029783]
[0.00581563 0.06568624 0.00822698 0.00980981 0.00032471]
[0.00586831 0.06582735 0.00810013 0.00985274 0.0003161 ]
[0.00707181 0.06808166 0.00938106 0.01152611 0.00032512]
[0.00607267 0.06537004 0.00866124 0.01032666 0.00032041]
[0.00717756 0.0695777  0.00941732 0.01172209 0.00032541]
[0.00689326 0.0699748  0.00938336 0.01143229 0.0003457 ]
[0.00567948 0.07657949 0.00863615 0.01023392 0.00034907]
[0.00691377 0.07050412 0.0088564  0.01104609 0.00033165]
[0.00851916 0.06343027 0.00949537 0.01219911 0.00029674]
[0.01010296 0.06160355 0.0101809  0.01360702 0.00030578]
[0.00534134 0.07755151 0.00858681 0.00989894 0.00036935]
[0.00538496 0.08012366 0.00898466 0.01023293 0.0003939 ]
[0.01125336 0.07063155 0.01168566 0.0154725  0.00036057]
[0.00694993 0.0862771  0.01015464 0.012074   0.00042434]
[0.00651234 0.08093888 0.00994273 0.01165937 0.0003834 ]
[inf inf inf inf inf]
[inf inf inf inf inf]
[1.64563046e-01 4.69627746e-02 2.39508045e+06 7.83933294e+01
 1.91290985e-04]
[1.27644672e-01 4.77754310e-02 1.05241238e+01 5.00830237e-01
 2.27321288e-04]
[inf inf inf inf inf]
[inf inf inf inf inf]
[inf inf inf inf inf]
[inf inf inf inf inf]
[0.14919891 0.10467605 0.08908854 0.08778193 0.00033221]
[0.10129547 0.08456418 0.07541586 0.09009612 0.00033401]
[0.07218878 0.06657886 0.05962321 0.08886242 0.00032767]
[0.04611107 0.08379426 0.05637731 0.05313626 0.00031675]
[0.03340179 0.07784086 0.04231627 0.04040622 0.00029781]
[0.02301188 0.0684689  0.03140232 0.02988876 0.0002657 ]
[0.01663238 0.05982492 0.02342277 0.02270012 0.00023118]
[0.01158066 0.04997289 0.01725809 0.0168249  0.00020044]
[0.00809225 0.04259724 0.01285851 0.01244431 0.0001736 ]
[0.00581045 0.0383287  0.01015861 0.00969608 0.00015652]
[0.00458056 0.0367626  0.0088363  0.00827582 0.00014842]
[0.00416893 0.03854589 0.00875787 0.00801175 0.00015683]
[0.00390331 0.04015742 0.00864693 0.00779631 0.00016605]
[0.00380089 0.04174786 0.00871476 0.00782185 0.00017735]
[0.00364488 0.04259443 0.00837962 0.0075339  0.00018434]
[0.00371213 0.04668168 0.00887433 0.00791928 0.00020402]
[0.00379345 0.04609272 0.00872474 0.007926   0.00020389]
[0.00369784 0.04433591 0.00837578 0.00759361 0.00020084]
[0.00404974 0.0443614  0.00845913 0.00786062 0.00020766]
[0.00461294 0.04423544 0.00881044 0.00843766 0.00021524]
[0.00463912 0.04370436 0.00880692 0.0084174  0.00021431]
[0.00492654 0.04371806 0.00876356 0.00860135 0.00021029]
[0.00541489 0.04407525 0.00944471 0.00930293 0.00020909]
[0.00534957 0.04165698 0.00978696 0.00935113 0.0001953 ]
